4 4 7

10 11 3

3 3 4

3 3 5

3 20 6

4 20 4

6 6 18

3 20 4

14 35 30

4 236889855 5

15 32 49

15 31 41

14 34 41

3 339645698 4

10 45 42

11 36 28

11 22 29

2 828805319 5

4 494406019 3

14 47 35

2 211435729 4

14 40 40

4 881992501 5

4 382263430 5

3 307798252 3

4 510496904 4

12 23 35

3 631644663 3

15 24 34

12 33 42

10 42 39

3 654984445 4

15 50 50

15 50 49

15 50 48

15 50 47

15 49 47

4 1000000000 5

4 999999999 4
